-0.41681344193325454 -0.27355693806389125 0.7185463858034624 0.2546610852263544 -1.3377911619757517 0.09472788785805451 0.04708104665353966 0.1007763128396194
0.2348761017425277 -0.2465155217508491 1.4435371400964212 0.28107001836283346 -0.9926667340849589 0.30133145366060793 1.0565311142870235 0.0895128086665525
1.2676972482177828 -0.1573318275966958 1.0943085757544648 0.3454027873781325 -0.3630265560450142 0.3192187521338775 1.1372035110518888 -0.02789178016003508
-0.2697334481462147 -0.18754784546947964 0.4921625808419027 0.10898187393926663 -1.1644387620130863 -0.1185236099457064 -0.45421551177575537 0.20808184521824272
-0.3311852851505844 -0.20603943711490072 1.015300742627201 0.17988877096125114 -1.1885375062303574 0.1912376903324939 0.025739703189056506 0.007656032097895612
0.8473573939338925 -0.1547249157683616 1.4947250289314205 0.1816450216549013 -0.6513930554554882 0.236468685399413 1.1507261517355774 -0.011823603862868225
-0.13564022720681307 -0.1902755620704852 1.0287335501109114 0.2370411301322237 -0.8132519799095835 0.12972711637137824 -0.1433683209736715 0.09463907543632923
0.06534247579323857 -0.2178136330695831 1.510453020432165 0.23885834189741129 -0.9147756730303075 0.2508152661254102 0.6278911826381738 0.08244318571077502
0.9998449444050299 -0.14640449307837447 1.3012979607770956 0.2816170532747545 -0.41053119481412453 0.305736462986582 0.8658176275721546 -0.03333811663372161
0.017424977769445234 -0.12543259686171865 1.5175641585137636 0.36787593204350527 -0.2117117883141794 -0.06909012271038267 -0.10943763053132874 0.46074585907286
-0.4711531713466928 -0.09469883817810099 1.144511128945069 0.0015388168467864146 -0.7411079561369753 -0.03345250434189454 -0.9417802952380085 0.12035375795453082
0.3416249328200293 -0.20453814884925237 1.857019719390265 0.19221933008992295 -0.7409442630519342 0.2825127206232678 0.5627494609040062 0.050359640075677926
0.9423509695484702 -0.1717950815442473 1.1668401577499719 0.2257056289120144 -0.713452829027226 0.22238540637979948 1.4991835435901997 -0.006602352997738301
0.7623659349792127 -0.25701377241855217 1.7358392439361507 -0.37591257429068414 0.8621886554982289 -0.5942679702757414 0.4000025832073424 0.21154475117694338
1.580114496828762 -2.50299086702349 -0.9900307941581432 1.4444079938328374 -1.2743305694990352 -1.573533846236603 1.900049195076981 -0.7558385257249058
-0.21485357748945125 -2.772562080660471 -1.9001715249926545 1.9627134554760937 -0.8969490278002095 -1.0703635523025679 1.2193051933960657 -0.5472242664350145
0.6029855668306883 -2.9233973791715298 -1.7309161397142467 1.9602658474416768 -0.6311975696518872 -1.2761118598862151 1.7606182035235562 -0.3758125715482888
1.2533353891693069 -3.055265107332457 -1.2529698598826156 1.8735101802807175 -0.3401400464050328 -1.2980051841509672 1.8247582555453328 -0.23846562518189074
-0.06856859242642704 -3.0885169919961353 -1.5077401548272698 1.615627937409205 -0.2609936671117039 -1.266675801163888 0.6946724889789144 -0.31865207106952265
-0.4485958535358283 -0.25508573306991483 1.7145658146253746 0.7364036333193383 -0.46064584111825724 0.8850058068567056 -0.7628049295931569 -0.10184837016315981
-0.0407244515138311 -0.1587322153260553 1.900352009214124 0.137619139849201 -0.5601110132032633 0.6933329312724537 0.06363285227240584 -0.4437890139585324
0.4379823598075997 -0.11365547559155899 1.8962261165864922 0.16667091898989303 -0.1897832095830662 0.596967194848774 0.18043476858178795 -0.37242961477301506
-0.048438419280678005 -0.18128912343327305 1.345796655053406 0.6552604033666106 -0.30379782160575597 0.6391636522577194 -0.8141388550327229 0.007238056553951075
-0.028877089248019322 -0.18562551712441253 1.651874173212943 0.6104353428827238 -0.32627677424162765 0.6708039089035125 -0.46772941109539556 -0.01340325078165674
0.7548150677348126 -0.17772315108109213 1.4389857312867633 0.7498589513475212 -0.26357165416910106 0.6917528148720682 0.03300015284056949 0.06260909988470577
0.41731637734551713 -0.19934068787905898 1.2185607002048344 1.3265628917695313 -0.21163435866248537 1.2826989159465496 -0.6608016897351107 -0.013938856621354292
-0.31799962675668875 -0.1671758483425094 0.6864991478800531 0.07622383772099318 -1.4113136553668175 -0.1119406358037209 -0.321016126180704 0.22989427299328236
0.17679783999161522 -0.3129793389245126 1.5815103201025398 0.1922610690481388 -1.4133112856253434 0.2603909304035376 1.0301741960792925 0.16869760300421877
1.0738702431049651 -0.3428796420362866 0.8071561536600056 0.3777458319788351 -1.327687872137309 0.23170267309263584 1.0608867070498362 0.09030276903139822
-0.3006383765186207 -0.11319110043880262 1.753447138704833 0.2391740546501137 -0.17939273308936832 0.15046830196369929 -0.469303305608213 0.15067759270148304
0.25639119920645764 -0.1980406887450693 1.7342594450542717 0.4424736527481441 -0.44884308180007 0.4436006435706355 0.2977106278151341 0.08058213559272893
1.173768078591097 -0.19013051454939023 0.9979577325490596 1.0618059975856697 -0.17564767670531184 1.0522189902626111 0.1717887296590678 -0.07605588960005363
-0.3583422617617038 -0.16509764880253072 0.6824219468888026 0.05885701584990806 -1.5514583356611291 0.2124487147779694 0.5723907855084038 -0.12001951293344063
0.1552184559589569 -0.21013769046505404 1.6796685121294117 0.05165046611413675 -1.3824613090591673 0.22970036345167547 1.9001972105454479 0.045380079075852106
1.2420448246102278 -0.13341637347936988 1.4288088735083992 0.19800067575623273 -0.4443938675564957 0.20707269740243808 1.7990893866950666 -0.0335605886268466
-0.2688956431800117 -0.18263190262266382 0.8569657168467864 0.1377058871249189 -1.1703347500522996 0.21099269171657492 0.4452333475689759 -0.07526536701216742
-0.27637747076515906 -0.1890033745859014 1.1713712318965264 0.10637097224143098 -1.381674924382379 0.1769505517898541 0.9598616274887845 0.009526439086070749
0.1790010623224276 -0.21447537589212523 1.1551679499579592 0.18441663182742188 -1.2121198907876367 0.2090034816916921 1.2183772974886957 0.03272404535723779
0.28504546040697404 -3.0709867158418116 -1.780030536377833 1.6978869173116669 -0.2946960027210017 -1.3994149643019322 1.3214282366991954 -0.22206136918603217
0.5669745673542657 -2.8859697346658497 -1.0757233889370355 1.4954256162249648 -0.6122914895729435 -1.2156599636276968 0.9348794198433535 -0.47821254253333007
1.3363169642398947 -3.047556845808413 -0.703419689744038 1.5777981754302772 -0.2801502577414604 -1.4260448549785882 1.2832662248971671 -0.2173894336676577
0.7487357262799661 -0.2629040434428225 1.8769779629427215 0.7083603874272144 -0.44890600510656925 0.8421772794278893 1.9003201106621408 0.09010716999758893
-0.2462256773918589 -0.41789347979327557 1.0644517445694894 0.5931023629033081 -1.171310215660699 0.3089878520528498 0.8046479652144877 0.2672375990790459
0.9832400968169251 -0.2641421670863233 1.3902751204802672 0.6052229379609655 -0.6128161671819051 0.6251257473340814 1.8325215085404796 0.09726803259561641
0.054636440269336534 -0.23746393147783462 0.7955505274908843 0.28673403542765613 -0.9300748806179686 0.21267198814025465 0.7108765346432724 0.001438545313727152
0.08787504924025155 -0.2379066231750231 1.0593384869469706 0.2633939708868933 -1.09265343064627 0.23602859038487803 1.1629466348532973 0.04513464284207445
0.6589523826669405 -0.20239389904600594 1.2499210539653343 0.27409915543440266 0.8103665631002722 0.2831111468395591 1.6446563965976653 0.027201152312899726
